window=20
ngram_k=3
#emails=10670
0.35
0.3
0.333333
0.325
0.32
0.341667
0.35
0.3375
0.344444
0.36
0.35
0.320833
0.338462
0.328571
0.316667
0.3125
0.314706
0.319444
0.323684
0.325
0.330952
0.329545
0.328261
0.327083
0.328
0.330769
0.325926
0.333929
0.343103
0.34
0.33871
0.340625
0.342424
0.336765
0.334286
0.330556
0.328378
0.328947
0.335897
0.33
0.334146
0.335714
0.333721
0.336364
0.335556
0.333696
0.335106
0.334375
0.334694
0.336
0.335294
0.335577
0.337736
0.336111
0.335455
0.333929
0.335965
0.339655
0.340678
0.339167
0.341803
0.341935
0.342857
0.340625
0.339231
0.339394
0.338806
0.336765
0.337681
0.337857
0.337324
0.336806
0.338356
0.340541
0.342667
0.342763
0.343506
0.344231
0.34557
0.345
0.345062
0.343293
0.343976
0.344048
0.344118
0.343023
0.343103
0.342614
0.342135
0.342778
0.345055
0.346739
0.348925
0.348404
0.348421
0.350521
0.350515
0.35051
0.35
0.3495
0.348515
0.348039
0.348058
0.346635
0.346667
0.346226
0.345794
0.345833
0.34633
0.346818
0.348649
0.348214
0.34823
0.348246
0.347826
0.348707
0.348718
0.349153
0.35042
0.350417
0.35
0.35
0.351626
0.352823
0.352
0.35119
0.350787
0.350781
0.350388
0.35
0.349237
0.347727
0.346241
0.345522
0.345185
0.345588
0.344891
0.344928
0.344964
0.344286
0.343617
0.344014
0.343706
0.343403
0.343448
0.343493
0.343197
0.343919
0.344295
0.345
0.345033
0.345066
0.345098
0.344481
0.344194
0.34391
0.344268
0.34462
0.344654
0.34375
0.342547
0.34321
0.343558
0.343902
0.343939
0.344578
0.345808
0.344643
0.344379
0.343824
0.343275
0.343605
0.343064
0.343966
0.343429
0.344318
0.34435
0.344101
0.344134
0.343611
0.343094
0.34478
0.344536
0.344565
0.344324
0.344355
0.344385
0.344415
0.344974
0.345
0.345026
0.344792
0.34456
0.345876
0.345641
0.345408
0.345431
0.346465
0.346734
0.34625
0.345771
0.346287
0.346305
0.346814
0.347073
0.34733
0.347343
0.347115
0.346411
0.345714
0.345972
0.346462
0.346244
0.346262
0.345814
0.346296
0.346313
0.346789
0.346575
0.345909
0.34638
0.346847
0.34574
0.345536
0.345778
0.345354
0.345374
0.345395
0.34607
0.346304
0.345887
0.345259
0.345923
0.345726
0.345319
0.344915
0.344937
0.345168
0.345607
0.345833
0.345851
0.345661
0.345267
0.345287
0.345102
0.344919
0.346154
0.346169
0.345984
0.3452
0.345219
0.345238
0.345652
0.345866
0.34549
0.345117
0.345331
0.345349
0.344981
0.344615
0.344828
0.345038
0.344867
0.344697
0.344906
0.344549
0.344195
0.344403
0.34461
0.344815
0.345018
0.345404
0.345238
0.345073
0.345091
0.345109
0.345307
0.344784
0.344265
0.345
0.345552
0.345567
0.346113
0.345775
0.34614
0.345979
0.345819
0.346007
0.346713
0.347414
0.347595
0.348459
0.348123
0.348129
0.347458
0.346959
0.34697
0.347148
0.347324
0.347167
0.346844
0.34702
0.346865
0.346875
0.346721
0.346405
0.346254
0.345617
0.345307
0.344839
0.345016
0.345192
0.345687
0.345223
0.344762
0.344778
0.344953
0.344969
0.345455
0.345313
0.34486
0.345342
0.345046
0.345216
0.345077
0.344785
0.345413
0.345732
0.345441
0.345758
0.345619
0.345934
0.345646
0.34506
0.344776
0.34494
0.345104
0.344527
0.34469
0.344706
0.344721
0.344737
0.344752
0.345058
0.344783
0.344798
0.344957
0.344971
0.344842
0.344714
0.344729
0.344744
0.344901
0.344492
0.344648
0.344663
0.344958
0.344832
0.344986
0.345556
0.345983
0.345994
0.346006
0.345604
0.344932
0.344809
0.34455
0.344973
0.344986
0.344595
0.344609
0.344758
0.344772
0.344385
0.344933
0.344947
0.34496
0.344577
0.344591
0.344605
0.344751
0.344764
0.344386
0.344271
0.343766
0.344171
0.343928
0.34433
0.344473
0.344231
0.344246
0.34426
0.344148
0.344416
0.344177
0.344066
0.344207
0.344347
0.344236
0.344375
0.344264
0.34403
0.344045
0.344307
0.344444
0.344581
0.344472
0.34424
0.344377
0.34439
0.345012
0.345267
0.345157
0.345411
0.345542
0.345673
0.345444
0.344737
0.34463
0.344762
0.345131
0.344905
0.345272
0.345165
0.345647
0.345892
0.34555
0.345794
0.345455
0.345814
0.346172
0.346065
0.346074
0.346313
0.346322
0.346216
0.346224
0.346689
0.347153
0.347273
0.347279
0.347285
0.347517
0.347523
0.347303
0.347309
0.347763
0.347433
0.347327
0.347889
0.34745
0.347566
0.347903
0.347907
0.347692
0.347588
0.347812
0.347598
0.347821
0.348043
0.348373
0.348268
0.348164
0.348599
0.348495
0.348391
0.348501
0.348184
0.348614
0.348723
0.348514
0.348729
0.348732
0.348523
0.348211
0.348214
0.348113
0.348326
0.347912
0.347708
0.347817
0.347822
0.347826
0.347831
0.348351
0.348045
0.348255
0.348258
0.347751
0.347653
0.347556
0.347256
0.347059
0.347065
0.347172
0.347278
0.347384
0.347189
0.347295
0.3473
0.347206
0.34741
0.347316
0.347421
0.347327
0.347233
0.347337
0.347343
0.34725
0.347843
0.347847
0.347754
0.347856
0.348346
0.348252
0.348159
0.347969
0.348166
0.348266
0.348173
0.348369
0.348084
0.34761
0.347805
0.347714
0.347814
0.347913
0.348106
0.348393
0.348585
0.348399
0.34859
0.34878
0.348922
